47.2590625322394 50.5103832825632 51.4149788256162 49.1251409219018 47.889898835972 50.2509137314593 52.0132344208512 48.4852388240662 48.8383227089849 50.5944793833667 53.6849970593497 51.4405558278364 61.5996943855896 59.6484790527417 59.7390112447229 57.6811482045847 63.6892269616562 60.8611809107194 63.9735416790573 60.0980613393444 59.2133617697498 61.6979684750771 62.9913235335511 62.664273488546
42.1512636758416 51.6806199657457 46.7519716123474 48.7809957997382 46.1181810580219 50.7844311992393 48.9692696378232 45.5395342129471 46.7065751137856 50.4526204642322 49.0475902962131 47.3848485930538 54.4761548868446 58.9987934958349 56.9541158357158 57.5039583487435 59.7211014964503 58.3968098378823 57.3716255796034 58.368620257239 59.1080260306103 63.1430668535473 58.8798084156457 61.5273479568242
49.720045781001 52.1660719579383 48.5215835251253 51.542573919139 52.2136674542218 54.2943898541535 53.3442342467424 52.1763643783048 51.8162649055194 49.9655488419258 47.8578395673027 51.5606456249812 62.4891305520525 64.0076677485106 58.2570221411359 60.7203558808607 67.1314429414284 62.6065496139595 62.0114555888994 63.621771851963 61.7908793998792 63.194917641527 60.5427448440471 64.2029604923425
45.9640539864106 51.0910031436294 50.8717852480346 48.4339472979357 49.3364555007279 54.2191437741809 47.1635751332406 49.3943677142919 51.6617380061151 51.5290420270324 55.1954464960042 45.4995948926625 60.4161248434273 56.8893801458143 59.335606854581 61.4600312837381 63.575048616092 60.7367854480183 58.5988885554177 60.4444165829715 60.6153490620817 61.8222638046805 63.0872566480486 59.950565453524
48.2549957934525 52.6477058088382 52.3535739182599 54.029258850737 47.5167477653422 47.3069102202638 48.6959347309611 46.6772761747979 47.5930414827658 52.4752380024338 51.3275684053819 46.6479417652803 58.0297634489697 59.99798181795 59.5537884451197 62.7386633263825 65.2866728277393 61.0769920539085 60.9303895054385 62.0742484804298 57.8418008153246 63.1595387863307 64.227285788392 63.2734990205888
45.3772970293428 52.7762794597589 49.9726909190452 50.1375747657033 47.804317889812 53.694582911066 51.3270387118994 49.1334582845318 54.4996067192844 50.0099295782827 55.8635889517364 48.7551924459268 58.6211745033571 58.2597769908043 57.2005856978812 58.4831674662063 59.6305231765295 61.5682748693858 60.4238505564725 59.4705585016122 60.2126294293456 61.7728722469346 61.4847271546504 65.0231987614369
49.0186511435639 50.9074256665181 53.9466805726484 49.5407734663098 48.9279758460196 51.286232004273 49.4087602862237 51.4675160666611 49.816361310399 49.9275802114349 47.4022470189986 51.7356271817796 62.3220935785907 57.7241279454869 57.9457710735694 58.9140054272986 60.6775080871432 59.6837140655291 56.4071741687065 61.0991264337124 56.0085351576951 58.7604799166705 58.8903321633375 60.5805801136101
52.1115561476636 51.1786726218322 53.6356757080819 52.2808948384391 52.2787585086546 54.7102722208328 54.3607619407878 49.8379864572142 57.9379795055783 53.4581467939057 50.5435854232066 54.9100812374444 59.2139762595567 59.7028042329514 59.9906855915083 60.6595664477204 61.9550222466413 60.2799670509109 60.5788947358274 59.5763501276043 60.4585175292071 60.8070041112854 61.7956225030145 63.5666974301164
49.0246763524165 48.4978666507243 51.360026768644 49.0849615330691 48.5022343077685 50.7815464606289 52.7657896605135 47.4496503263571 49.3480832619195 52.0496476735116 51.9882681786563 51.5330613678011 57.8326474548601 58.937989066903 56.7237294458931 58.2505299335596 61.8517090963026 60.0762443065876 62.6082382599494 61.3642191321489 59.885152378581 61.1343302921716 62.6374894195248 63.7666595613622
48.9436903237572 48.9216991115151 47.3150363663439 50.2066488089135 50.2145710775382 50.6906967565175 48.9474167217412 49.1643525106039 47.1588941157285 52.2918672263601 49.550191099121 47.7830856778317 62.6780584792421 59.8492784075988 58.6637794079538 59.3522697565931 60.3811993662925 59.4252294713004 57.738534412122 59.5665096359418 56.4900097364729 59.5858125535865 59.0010283934913 63.7380315944031
42.1010403955519 42.0103059316097 42.835132951459 46.7305444102443 42.3694563810639 43.3098013743705 46.0065835126487 45.6536743215622 41.6231269291096 44.3875406210914 49.9333958822231 43.5636471032154 57.0676129372078 54.5599708399091 54.3721465753966 56.6855252763934 56.0634826914274 52.3390268371359 58.0957295344688 58.0344060787586 52.9783495185221 55.2203764391783 59.5169953006588 57.0061386747216
51.896962391423 49.3278679496475 56.3369474742733 52.4860379147054 50.5314069498255 55.9495873346658 49.0866474305144 49.8228719039232 50.3989024973092 54.9914527163942 53.0047530689827 55.0790925111168 59.5770572208272 62.1509704747913 59.4101986528036 62.7867139375723 64.3641507736833 59.2622495425058 59.1496884056787 63.6679818201365 59.0007571869912 62.6294126626282 60.9138177380417 61.6083322797869
46.2130580361196 44.8476623610156 52.6374013941752 53.9405037440396 48.0794882327335 51.7438282561505 50.60180235532 52.4142052726018 49.0199196530098 50.5467275692891 51.7512124410614 52.6135961187441 56.5221112990746 55.5900076746167 59.5203641523877 59.859315362446 59.1333358251953 59.4288406255 59.9924705988931 60.2278347079481 56.7163583458748 56.0345958293874 60.2330852258404 62.2773479627762
48.5943683445506 51.0671338094601 52.267195102764 50.0851399095695 48.9200105559351 51.7351636310943 49.7278315805544 50.3120106964412 49.3301371521936 53.3588863507145 46.638543714667 51.8102873502231 61.5615599536726 61.8797045758307 62.5059848959325 60.3843606712329 65.1048153674 60.3649223240573 62.506006999526 62.5307896739849 59.7975600859198 64.2588371000721 61.7352325879403 62.630773541865
51.7205736441529 54.4257713699177 54.7010639887909 53.5559303888707 50.481897151933 53.9508010986745 51.0619221126822 52.6768815201365 50.628331945894 58.1886897395021 54.3389222313993 50.9678144448501 58.9888367307295 61.9709409962637 61.2411916384828 61.2989052026212 61.810754152476 61.2254480238361 59.8543481328959 62.5416403985097 56.4629961116421 64.0017254949838 60.3325463371179 60.8083224500953
51.8305639320745 54.1061417469315 54.4628876879229 50.9838697787177 53.5909040871953 55.6930992111662 52.6566071171406 49.2990485277226 48.0286616165708 50.5696744621977 54.5871121936537 53.2747726646477 58.2184300896104 59.3684779500613 57.8142720846747 57.0278024079939 65.2054597880255 63.2625782539861 61.7948383859486 60.9771118482371 57.1502489013579 60.8756222302397 58.5093086215784 62.4254074733169
49.82617260124 51.5154192201623 50.4810480513305 49.7434411771773 49.1803829733991 50.7780435036515 49.5500313089174 48.7860009168232 48.308712041079 55.6131384613546 52.265105125782 45.1322905171402 60.6110481272811 59.8374341793708 54.9968179148519 59.34903224607 60.3811857066971 60.1067860023106 57.7257636853109 58.7611817322008 56.3343654180904 60.6282380051756 63.1287570619992 58.2844111263355
47.9181334140795 51.6667960850237 48.0667833769055 47.5467867347124 49.459661423622 49.350168825202 50.6330406200706 45.2000077880389 51.0174409964466 45.5988194552457 47.9083839584942 45.7101734263114 61.5028939334081 59.1844598488221 57.994170336027 58.2914800802844 60.9129624340443 57.5368951816304 58.7466483503939 59.1347398381766 62.1431505329095 59.1352587678416 55.7900730475177 57.4672154153817
44.1690650078718 46.3805440158027 49.6335282955245 45.0256648888584 47.7964850356458 50.3310937654513 46.0012400229071 48.6638382875215 44.8603938294021 48.8605819913557 51.0806160026542 47.1056352795521 56.9330154277493 58.695488992568 58.2743186588222 57.3639659658171 60.2691406802796 58.2184393044422 57.5048240891151 58.8483174310542 58.5056704126854 57.9309805411022 59.0652391652611 62.769735838945
49.8143728752391 53.2454977575426 49.465673141583 51.1058062261018 48.135154108479 53.3943250806422 52.033807955093 49.8553088429198 46.6990622093364 55.6152084642353 49.9580432053466 49.3038761794501 58.1479261465557 60.8025127044842 59.460657160269 57.6581442563486 61.8094781722603 62.9394146200485 58.8034052356826 58.3272934967184 57.0357411329207 64.6363733136379 58.0071085906562 58.9689762187256
41.7838527402098 44.9761555695652 49.2015435935634 44.8064429873175 49.6037224712453 47.0357146372828 48.7970354107266 47.8605666446274 43.9446407923311 47.1273391048665 47.5915617963932 44.6400354408995 52.8399351769413 57.0029246227471 56.9054724777666 58.8511984438988 63.5320000885526 58.4441781972052 60.8852828699891 57.6083838360774 55.7915792006199 57.0045403069111 56.7329682090735 58.3664649211288
51.0368598472936 54.0068430474693 55.5844692318929 55.458235967405 53.7022291477484 53.314579998903 55.9462520128721 56.6749976370345 52.4095371310139 58.7995677564605 50.7924621910301 51.7542710852561 63.4788665129523 65.12688834595 65.3468557380905 62.2497618945776 64.4384290206783 62.2221265788613 64.7935945556845 64.3712699494487 61.891658012492 66.7547774765099 62.6494144423691 65.0919177728858
47.2069826373658 48.6921818143492 50.7388985752552 50.4167724395047 46.8418226944641 49.6350769265506 47.8519316419689 49.9539568966751 48.4355721501652 50.041862334721 51.7820447707335 52.2401165825335 61.9669865566125 57.5886121341497 59.3530782683709 61.7499072725976 62.5214528209423 58.3946149311922 57.1737257992206 59.9074821090361 59.5748520183231 61.4958166964595 60.9656732614965 61.701505972391
50.1124532535603 52.0689611128712 54.1537743923017 54.5598350905326 50.0670465312718 51.3274613793474 52.517523010001 48.5684643413866 52.3918694482125 54.9250502960999 53.5455247292693 47.9511913902116 60.9321176054187 56.8969741280269 59.3902066695454 60.4742552269229 61.6627645475946 58.9800221197487 60.8499365992426 61.0448777168533 60.4750941282961 61.6657444695647 61.5705009364306 62.0553996802793
51.470019557354 51.0228527212888 51.4850544041006 50.1494494706855 49.1693672752308 51.3667689857159 47.3995278420883 50.5470905874904 48.0543562524558 51.1031422901124 49.5376337120407 50.7936941913651 58.8989008738843 58.2754767760392 59.6467313772716 58.515855243031 60.5883925162957 59.4587588180371 58.8373756324418 60.7198039746084 58.8051429100949 58.5855507825689 56.9621197890444 63.4238256900048
45.3694409305926 50.0501922996855 51.2419918339378 45.8584781864845 47.1471547484201 50.6860225893335 49.8411660405727 48.5234028020813 49.5250956727206 49.6762914609959 51.3712020973199 47.9983247001777 57.9859458207101 58.7582065409695 60.0119015569455 57.8920511850006 58.4784005661179 57.5864240942022 59.4186956723752 58.5885339718414 58.5962720904268 62.3547836324515 59.5297613988941 59.6777448843947
51.7353208013559 55.528717201967 52.7325882727247 49.2484316560756 50.7875733326341 54.7443138599974 54.8172986643824 53.5430741728519 55.3318621414349 56.3693279760451 52.7950988589058 52.4257609200984 61.3576553720451 59.8131479536826 58.1750129161156 56.7590050955468 63.3311752387544 59.5718460704226 62.8145563962854 59.4491208787006 59.7292949030755 62.8805322137582 59.9376862888565 62.8728830761468
44.8531722845992 51.9169518007325 53.3370026584394 51.740522661881 50.1342231091557 54.3977933526158 54.1588338170002 47.4782043312583 49.077496471707 49.7871681355457 53.1583624020346 52.4097880854047 61.330085428433 59.3746113052203 60.1260610975375 60.7110338734612 64.1895901621622 62.4952002619881 63.9354170262065 63.4254982047917 60.1422627355015 61.0022386453067 61.3694958000351 59.8005315446632
50.9781585248164 53.5101919510255 53.0945716132264 51.6676758758832 51.2668135587463 54.8348934650485 53.409927942421 55.0912225810508 55.0962484023618 55.5171389349413 50.3317092675916 56.6413517534768 60.6723479036345 61.1158328490705 61.5633253888151 59.0672228273522 64.2647014199152 62.9995977467906 64.677350298595 64.6859474745172 62.7374598338276 63.1398634510701 63.1365653303104 64.4471535507957
42.7693313034539 47.6685463374162 49.8447740859913 44.4702051093434 45.8192447885169 47.6427747062028 49.0489881163814 48.3065247563441 47.8145148825504 48.1778670398726 47.2262725837484 45.5631958396117 59.0929821213758 61.1052284863992 58.7459916616955 58.3390404488499 60.4599815708461 58.2530350792634 57.2659533800143 61.8246875437613 58.3518484276167 60.7811136738958 64.6935877689236 59.5176019061183
47.5885390904367 52.4465006026411 46.8570335410319 52.1003904797896 50.2532634648271 52.1534855671196 54.2997220995617 50.7303712219963 47.5856812004087 53.3326570316426 50.235446877666 51.1609671283733 60.9576375074736 61.2528083878143 58.3627208810762 63.6381037188367 61.3704120881146 61.2891322214289 62.1913500494622 61.3856583180299 60.3986642534497 62.7983735672861 62.2792365638363 65.3329402030139
41.6955449977755 48.7109943390086 48.2415426013745 48.2631522539962 48.7213355006848 48.2872158250461 48.6660974368113 47.2605204031355 46.0346011210398 46.3802439649633 48.7593596602374 46.3763092868558 55.9925182818376 60.920972156348 56.6375102700694 56.8848487683412 62.1339331760993 58.6592277592375 59.4790934242632 60.4819802822997 59.2194835044523 58.2414422880036 58.0469586763105 60.4287675542234
46.4565857340263 48.4416083107581 48.8065905443409 48.7666611784264 42.4027358256418 46.9750102686435 45.6504169280847 47.2766066190918 43.3943741266435 49.3448088431119 44.6379285611865 43.6900833141409 58.8902767320448 60.6548941005132 58.5386017974627 56.0446520889038 59.547891634902 58.1609670659776 56.6255580836953 60.9046247499003 58.6665038428925 60.537102421515 59.5273033462502 58.466070823623
50.1310701086222 52.9280579980074 50.5791499987802 50.4318344094811 52.1089900461783 54.059891147036 56.2985052492155 47.9621434269333 51.4845518878113 53.027716238314 54.33494150418 53.2424174915203 60.704316769527 60.5823367190238 56.6658014217188 59.6526543948461 60.7381839202574 58.8841408160818 59.4709325040903 59.8443889979997 60.3302125054839 61.80180232961 61.4042955036577 62.7898009471008
51.1922713995787 55.9495206918278 52.6143811654079 51.3804815542249 50.0484934185942 52.6461505179494 53.1250087967511 52.7461582907747 51.5739419522672 52.1761540541977 53.5102186278779 48.594447603953 60.8332524993648 58.5560963718242 59.015528623195 57.1072281609661 58.3440713065387 56.5315627974051 57.0859489672877 57.2367675759605 55.9393123377778 55.7506225256212 56.4979846119603 57.7077465255458
47.1486009312105 47.6705713555665 49.4057482838378 46.3047172010042 45.7184851156613 51.56011293968 47.4705055710085 48.2550567921086 48.9610923125177 49.9642752052063 47.9872584330916 46.7644847667085 56.2154622092301 55.0284478382729 56.9632139582348 54.2171903510461 59.610366364326 58.698409636504 57.3420791056463 56.8905625632272 57.0042806487089 57.9567509327771 58.5325900180237 60.0382214976251
53.0916912240591 48.8191913244855 52.1250826244708 53.0038954439133 53.8382459290543 51.3763682155861 50.035867640772 51.5718289102237 52.8673427239223 51.7595506942554 52.7012520876272 55.0592078375261 64.1811016681472 62.5723559233929 60.424877928344 61.8448948944669 65.8077316726504 64.0970591536931 62.2999971131403 62.0141227231214 62.9404745922799 63.8100140651663 64.9496874579542 66.0710855047085
43.6667399008683 52.1397404533061 50.7925761452884 44.5038311879742 45.8001871181823 49.7124356347423 53.0661868176675 47.0949372215666 45.5762018048761 53.3048374824574 48.2536074111463 47.9843000869563 60.0873089740119 66.5705843846844 59.170690374087 59.3451948699146 62.7618417955341 62.3361291403047 60.7270611182748 61.9184844274215 61.5814328929216 63.6433383183305 62.2236483408117 62.8281174148981
52.5159982631796 56.7422181320204 52.0521571625973 49.4109266790944 52.5440611656361 54.4760718782385 52.0314750115113 50.3533775689316 50.4187715810031 53.0889960800505 54.2764626385405 48.0608017142922 59.7113370233616 62.4114981887684 61.0298479013874 60.4911742968766 63.7145803721501 59.2140293188132 58.2756647041546 59.6707541346024 62.5797866916909 63.1947399755616 59.659300696635 62.2223638337233
46.3101452382195 48.3266807317981 54.1011765575867 45.7370672513465 46.2247640336051 53.2515030665447 48.7059006506803 46.9811570603343 48.4648517554843 52.5588391292607 47.8107890541985 49.7541743859442 55.1653608583541 60.476808971989 60.8363850180184 59.2502740825081 61.8191334422599 62.6992615039006 57.6699049020765 56.283198332635 58.5271366915377 61.1908176970488 59.8783808666486 63.064750762075
52.8386548499391 53.4991993308854 53.6816189707801 48.9686615138135 49.8143367392058 54.3115731943559 48.0567408965161 49.856196775027 49.8329715351769 50.0858006825183 56.3968143581932 49.7175368541978 58.153724507951 60.0560119046432 59.8639763451388 57.1175195400334 62.15217814924 60.1554719845069 60.4246206654806 59.9751050007895 57.9879205080082 61.2558935104418 61.6158776946621 61.9231273830019
49.2936696260936 53.5611401758272 48.0246877910335 51.413757161333 49.4995405666058 51.8566979736983 53.0649597580662 50.5684471283867 48.2844641941613 54.9489473135429 52.0247161594032 50.9877737954275 64.0021004830055 64.4689249907654 61.957006282899 63.8321341907332 66.1360071893651 66.0548616892423 63.4953349871436 61.4701486422241 62.5266617214712 65.479368671094 63.1844203289234 63.0378872751652
47.067697239331 54.079568763418 51.600814049709 52.0794425950137 48.5786189073286 55.6715872678344 51.0871273017517 53.6400118718999 52.1634209184191 50.076907315753 47.8010135099147 51.0226436002352 60.5798083720621 61.7152996729448 63.5301049044349 59.4777136706752 63.1406793465294 63.6949630334435 59.0534214430992 60.8167164370059 61.9966058426692 60.8230577522268 60.8182245017103 62.259963645886
47.3315793520994 49.5021993382074 52.2115232844624 52.4280044815947 49.9866024062529 55.4393238360808 54.2256778133333 50.4097875519881 52.332294195122 54.7148230944145 52.3607838976377 49.0640305277469 58.0025168865888 59.083969331507 59.9367260342176 57.3172202190566 62.3106650669862 60.6386346478609 58.5404300106757 59.2290782789233 58.9760028682387 61.3383359273145 60.4835577446125 58.9133213183198
50.2477901623581 51.1522875176096 47.252324347546 46.7259004207131 48.1730031989493 47.8930878945067 48.3747462121161 47.1448052776918 45.6872133723667 49.8307489912639 50.1269043282266 48.1605669832784 57.836635227195 58.773323696256 57.2904938835753 56.7585347808101 58.2988130895998 55.8307194408774 55.9979608858683 55.7884793039085 55.9576000636822 57.1320046501705 62.0659417933254 58.3693572329014
46.1900376228348 50.3973775819939 46.9190466064974 47.5077302587616 47.9633019388254 49.004307312361 52.8761751941526 48.0779596660208 50.0896810841023 49.807700946333 52.9677664568469 48.3248479428302 59.2454974818219 59.226952040125 57.2597875728979 57.2416369239701 62.2086018820197 60.1344521705311 59.3554515121908 58.7991239433647 59.8013823800133 61.0420739190578 61.8171117352697 60.0287592304836
44.0636240975523 47.7692186811588 51.7151950717298 48.4510355492967 47.1134342156475 47.832404815434 48.5931705285226 50.4252969703338 43.303140613157 47.1589368940303 51.2372292963488 48.9262242292751 56.7765656028268 57.1679933467618 59.9978109484355 57.2691532456555 59.3991255798225 58.1654502629786 59.9115224986785 58.6297294656347 58.289980431995 56.761457374261 60.2242761699795 59.7877560567418
50.6797576603468 51.4469557920669 48.0859502283186 50.5659583154724 48.958297196394 55.7301700494158 48.8154787309757 47.0360206646099 47.847503946906 52.7422972611337 50.5973448412627 49.0255060878522 60.9538763139267 59.5041450418068 58.0155016172226 58.4859248760682 61.31349406229 65.2686767382288 58.754260523878 60.8887233187361 61.3871368340593 60.7553021987125 60.8889452299924 63.1569042044996
45.4351632994188 45.9160128295829 51.0705208781552 45.9899861422071 46.1310543706481 52.5948854266791 51.5637332951848 48.3767902924791 50.0682596304251 47.6222733930602 50.8964178147904 46.1977767969061 58.7955184995314 56.2886675829526 58.2346503177738 58.1160624831731 57.2958565506499 58.9878566038714 58.728780166229 58.3070983618506 56.9761584674164 60.0742990075284 57.8051592709328 59.0485985034124
44.1039369489499 50.8759010386101 49.4785831574651 48.7520813259287 44.5161947179859 51.4073590502647 48.2933920024971 42.2395440067297 46.4764975088724 47.4931146662788 47.2729737241776 51.5225085457912 55.8434884877001 57.5817821326043 61.0973931186969 62.3265666707104 60.5885570803294 62.6974140041669 57.9698054710243 55.6782742080992 55.3694532116673 59.7860576957807 58.8511275143304 61.2576151504161
43.6070411496687 44.7960729688663 48.2754405140812 49.3127335545644 47.1547081264237 48.06410885007 48.3688161815341 47.0376352611868 49.4860283225553 48.8643957646 49.001226213389 47.9234409480407 59.0592926656893 57.5164281860551 56.3034898504415 55.691441090434 58.6511685108736 60.5574574470459 55.7923469409845 58.2971309160853 58.9253751806854 60.6262207710812 60.4660668626978 61.4717798625932
49.5707425625914 52.8522239751974 50.9818617648876 49.8996111942917 54.3855253454419 51.002370852921 50.907509100255 53.4223285808114 52.6243457311041 52.0039442210895 49.1814462001731 51.2278944371272 61.8911953575645 58.4125458290321 60.6681961539883 56.754551305359 65.0882894290657 60.2169358578684 59.6339523266715 61.021133999401 58.7203597705099 62.6982163747756 60.5163429804077 61.2762671140975
52.3252811286387 52.1738787157406 50.526859296494 52.6952475027183 50.2847183978495 52.2804046365442 47.6413923663559 46.5513297616917 47.2635322511365 51.2111017045892 49.9156945493916 52.5125678728841 61.2755957997266 60.0882779563229 56.1659162824647 57.8153888552225 61.4614549267506 60.9696256225436 57.672648489462 59.1187451388793 56.2502726643824 62.7764725265585 59.7521701929719 60.5706940463333
44.4044791573651 40.3538351688075 47.7820714503649 44.3455319943176 44.6760135771931 46.440842383474 44.0590776780922 42.1690532102972 45.9172477572969 49.622227154023 47.0058475975427 41.141169023056 54.4688619777782 53.2723448500077 57.2043090555223 58.3373968703327 57.5443344653955 57.2646944448303 54.6576255363958 57.8126022694414 56.4303548126477 59.0085752512436 55.8506656407685 58.0819506025013
48.9091157784806 51.8575982293449 51.3279404128658 48.3531160825353 47.875022292396 51.8532134215856 51.9211886486888 52.9366177154656 49.81262817412 50.6868990013967 51.3456852259817 48.0968836624306 60.220984651509 61.1816672094237 60.7424252025635 59.9235379807188 60.5204232046016 61.2608674802985 56.6740807777363 60.046865326454 60.7781925738085 62.0383396211024 60.1766081146843 62.6266420448381
49.5590168041724 54.3555098631384 52.3596569231086 49.9076429615858 52.4604726551515 55.6371129792533 50.7364555143161 51.4912905047623 50.4196753834695 55.2549214028911 54.1177857502275 52.2073722612618 61.7866350039935 62.1350668651725 60.2597823892546 61.5603056394351 64.7822364549021 62.6262437417587 60.3351977673074 64.9151869275876 61.2956474194596 64.7187187420676 63.3498096713658 64.9529921956775
46.3285273617799 47.973939849745 48.5473392456372 48.0439075608664 47.3990070561595 49.222552671465 46.4077715632106 44.2376684271512 44.8136522487714 48.5269837917849 48.584844396091 45.4480104263925 58.0743031525235 57.8390763161917 55.8723360074983 56.6931848624738 58.1133704118514 61.4939054131369 55.6458520676794 59.405248172916 56.7508413534016 58.3165567288505 57.8959453385348 58.0637204200135
47.5220561391493 45.9617351550832 48.0911101304632 49.9800560707321 49.2040988187443 53.5593892589051 47.7477841246805 47.6381974019835 47.3283728508332 56.4664953983719 51.6876245165797 51.617259018261 55.5583717103963 58.0444500838825 54.9839416949447 58.1812990199044 62.4247876485602 62.5343429776534 57.417797958224 59.8028459000881 58.7659106839846 61.9129299808168 62.3682776875944 60.9620493180597
48.2826066998569 51.5536031639044 50.0710293239069 47.2490763539142 48.4976485233319 54.196548614267 48.9813080196781 45.9583437455465 47.5319078785997 51.3029216320285 52.2373566983796 45.9546925867926 59.357964007527 59.5801934012513 57.0536054346585 57.9031435964024 61.9321716634715 62.9808143976019 60.5271493382879 59.0578602474189 58.4192252699557 62.0024926912705 62.6152678382343 59.9671768769345
46.3885812135536 49.0224964807041 51.031960408466 51.3395804153461 51.8258636680147 52.7993104600852 48.8918962029332 49.9770369031062 49.8775354787932 52.0152097245604 53.815405136436 51.3564686446427 56.4412125311104 60.1206969292679 59.2404324855766 59.602596235364 64.983266471449 60.3678639264854 58.0294424553023 57.2776182021547 59.1354083287093 59.7972233602178 60.9660835596207 62.2557735039589
48.234894109354 52.5459678247424 51.0969331285945 46.6475141450752 50.8501470421532 50.046402865851 46.8368852227965 47.5913213296236 49.6910808329096 54.5512789927597 47.8344211713577 48.8957172050175 65.8486072378765 63.5491179345823 64.0242936747811 60.865192440236 65.361648720749 64.9247730234175 62.8467825446897 63.2482799337645 62.5608452669856 65.5403655390861 63.0719898135613 63.6786069122816
44.7153224162282 48.7049859701881 47.1672785214193 45.316033346066 43.7191976823596 49.7024868960651 48.5069210125067 47.8733125570899 45.6216610246666 45.9754155418822 46.1598794708793 44.382149423875 59.0460382547398 60.899415633807 56.4389649813522 57.6427283648704 60.7464596418872 59.4851435158366 58.9731686307327 58.7049404097153 54.0757673844735 60.2424769385255 58.6931694163004 60.3520755872399
45.7542394636313 51.2722671429168 51.417897074589 50.6014290898106 48.4689749401076 50.0380360229812 51.9768249448789 46.6405941824744 49.5614945834726 52.2752896449874 49.4367745783915 46.0291445858704 59.5950615515415 58.4642902227824 62.3141223580487 61.2163069177989 61.9165834137195 58.8354668762756 61.8793771777019 60.9917158299842 58.3788731718144 63.3984662443945 57.372221173774 61.0169211436097
53.4187095678629 54.1623898740374 53.7947082206099 52.04451334269 56.4282880956467 55.3775735789753 52.7134509935886 51.6030878117349 52.3626181662825 54.6024711193557 53.0822986871893 49.3180558795294 59.7583047796217 58.8683446968147 58.8263259832456 58.3821483031961 62.5677148264423 59.6418649200786 60.806686639964 60.5371686214121 59.2948484388543 59.0663073192662 57.1852694632934 62.8886397659203
49.3276606231824 50.4436116694432 50.7732489320537 49.8061601149183 47.4412299619843 51.6412314705131 49.4420729488964 45.1704545916712 49.1940450614834 52.6983861505553 49.2097521377134 49.8821022697816 59.852434149213 57.6950171346776 60.5869148761517 58.335778848361 59.862739285001 59.2313109741333 58.2237335296709 61.5745840545517 58.527213331166 60.4121777626312 61.5765176552956 61.1054370141814
49.4112263295524 54.0196453538707 52.4622530600817 51.3402216209863 48.6461738116387 52.5005039363967 52.6511457396625 44.0223469068546 51.0651586979195 48.8304409547001 50.817329823054 50.8217385290115 61.6102062154825 62.3084453139664 62.4395166147194 65.3148807539193 65.0953982508536 59.0073664953963 61.2196917429771 59.5763371060824 62.8800490822085 61.2824263421203 63.3128266097338 62.4882352971483
46.5593287204702 46.2613462694954 48.8770358992759 46.7710693215332 47.5485796235536 49.7149836888834 51.4022536391604 46.3052454165612 43.9903881665154 48.1088299571021 47.3903691328321 50.7878710363605 57.5711183203342 59.2736252670487 60.5575390128825 59.6229806629399 60.6007449589755 61.8923508134601 60.7037342620472 56.9196207736449 57.4942329107987 57.9817317102081 59.4466620241582 59.9105990817933
48.2493061933586 48.5758260763816 49.3834410045769 49.3423236932825 45.7211022697812 51.4586115538769 53.0275514479906 49.8738303766727 52.1839515633719 48.6331437733273 48.1961227585356 49.0356445964 59.7794669804469 59.175699780213 58.2950447336533 59.4474700513609 57.3585584377655 60.573334662815 56.9742391834498 60.4665464325311 61.1731043434132 60.1221695079216 59.8837951498535 61.6756627188151
47.6905976787205 47.4771513891103 51.1524178608673 46.6537724261794 49.3292067198168 52.9944119297349 46.3593266539691 44.3133749229483 52.5661158710926 49.78578674908 49.1466996964483 44.2083523777012 59.3450244650915 55.6185456930896 57.4153761312311 56.1870863055575 59.0017498644411 58.3532690349973 59.0498870173108 58.5495019710085 57.5933874151812 58.9319312817287 61.293656288085 60.8680011889698
48.6075677756878 51.6809340686623 49.2573073602623 49.1274362871077 52.6583091572128 52.1919894408713 50.2677459882962 48.6373491677535 49.9573799448663 57.0830194119149 53.5563803923117 50.0868498390339 59.2560386436761 60.3362918285798 57.9341154782315 58.2526459184928 64.4669391955027 63.1770954256751 58.903041065356 61.1619325317964 60.2955055034222 62.2245875319951 63.5617994816244 60.5437863814664
50.9381187009735 53.2667489092935 48.9785206505726 49.2687951481761 50.9235884213393 51.8514883650485 52.9049956693472 49.0562134392731 45.5019429864465 52.8743216504861 50.562550486158 49.569866375456 58.3915306163437 59.7636418051625 59.509649338689 58.3742079998187 61.0472763093753 61.0632167751042 62.3718846165228 60.8042641985856 54.7127163000924 61.4089889367815 58.8957885021062 60.9817151470799
47.2305672175553 48.9951424319506 49.05291587255 42.6602720890246 46.4927352626804 48.929130592484 46.1423556692431 47.0938371703824 46.9649804026816 44.9325272278683 46.474021369935 47.8773067174948 53.1187754034681 55.6779551321795 55.1730998120183 53.4178278397228 54.2496208630276 55.5216237397502 51.6791616527235 56.2676392331442 53.6866233328138 54.3033100353369 54.3502179948201 54.0446429968042
41.7444354078715 50.8585172047623 47.6512447497643 49.8807797611181 46.0627195061945 52.305221412928 47.0241803469926 52.2593883941171 48.8752918729675 48.9181816216935 47.2983640937399 49.5818250711 59.3962916026199 62.5868821783292 58.8162629669325 60.9335299898714 65.3180873834677 61.1237395951083 59.9459876697954 64.9047122345383 60.2849012132911 62.3283265019026 61.0881100600796 63.804268836518
47.1458107987858 50.1479080658229 49.2393063723869 48.9167200920992 48.8339416692511 52.1014095130221 51.1632772122834 48.25856316376 46.9765545863258 50.2860695085432 48.6367639219152 47.5847953948276 61.9983869777897 61.5115437823596 59.1138040503309 61.189665156018 64.2284201351268 62.5129585286236 59.6876307567308 61.660476154007 58.5630376909815 63.5142210295156 59.7037440603788 62.2768886212579
43.9912054010821 53.3973632656088 50.8062960618877 47.7681744106983 46.2418895994856 49.8127860637672 49.2454627876122 51.7722343356654 49.3247088616458 50.9501272379197 47.0586989089584 47.1550674487225 57.7041768626517 58.7237413155568 58.0420672002771 58.0815827782318 59.6001108139728 57.2139454116795 60.3974916237762 58.9146640464985 57.4388537612472 59.4466833843532 59.0151058061331 57.4400742647967
43.5059028310201 47.7612504710955 45.0876294671152 45.8940052851634 45.3536895597592 48.4868865011609 44.1450334986866 46.295770696487 47.7597868069165 47.2190649040636 44.6372888290527 42.8733331714193 58.5887238649116 61.514165783625 59.4199721534014 60.3096724346416 60.3974842786004 60.6664090432708 57.6718281365418 60.9782859422492 59.3923984829601 60.3174471950111 59.1878499751113 60.3562624870646
41.4646051898616 50.2016400726131 49.5110177131854 45.8932426458554 45.6298033716881 47.3040018858692 47.0455813158963 42.1993558769307 45.9701517473078 48.9646568324216 47.3875746975131 48.3017800482935 55.7697905822666 62.4560020148128 62.6209453752658 58.0240338738162 61.8432166861702 58.7353141555547 57.4082483517207 58.9312161847195 59.1940604662466 60.9800855407528 60.052511007962 60.4709855580578
47.0506254542131 47.1415051396292 49.8775759857437 44.0273404864676 46.02077900607 49.7336793014059 48.4941294184088 48.2181973757324 46.2245896226951 49.4769104123467 50.0090841994521 47.4915584781249 54.5492457233475 56.0017102053141 57.2046989356159 54.5820038257296 56.3619945985009 58.0765369615423 56.4672050249481 56.0731269818454 54.7899524070211 58.2382114189599 58.0580019727002 59.7979183826541
45.5344540352244 46.2142910311986 49.856754875326 44.9259925537924 47.44462043315 47.1613654733015 45.4900035262573 44.7208628895634 48.8540349695182 48.9185008931148 42.2614914952433 48.143033882876 56.9517634964626 57.5085379019846 59.7287766929614 53.940626892102 58.8011668356784 56.425508210998 55.9906703457648 56.8019983989583 57.3598293940848 58.8142957152536 55.1132814377954 60.3080807016038
45.9163962790616 49.2130557099194 51.5098444907458 51.6180595119689 45.7933981409278 52.1920736620737 48.135754178309 48.8151571058578 44.3848512620408 50.8618151755883 50.6192895722839 45.8212812120075 57.1198797101858 60.070325532762 61.4036000654705 60.0849814406062 59.6710857331214 58.6462111959753 56.8373749845729 58.0135615521849 55.0055484709439 60.779625253064 58.919276773622 58.1731017482137
49.9768204432575 52.3241044822109 53.6509392148896 47.3267198019635 51.1082076746362 53.610311571278 54.9825976940422 53.3694474358566 48.9947636293656 51.515168341016 54.8367362311772 51.0943279660396 59.577565764005 61.4659944019538 61.5207465465368 57.427511209535 64.1656354314167 61.7488379136039 59.4364787699841 62.6216547682509 58.0764709350489 64.2901463836266 62.2838973063335 62.1624894435937
46.9637536462136 50.8979748256443 52.2263395109704 49.927259219352 47.8289997300165 50.9905421407424 48.1057670212959 43.5730252386949 48.0630908936013 50.0256209558974 47.0147169995049 49.557967263219 62.6202511530351 59.0451613901332 58.5860865996975 60.5498172927495 61.029618439547 63.1130510121444 62.515047953138 61.4022828108105 57.7924534573699 60.4184058504398 59.7740682138812 63.7626517415797
46.6192465526036 47.7047084594109 51.8162329214366 49.3584076298537 47.268584646892 51.5376195963159 46.0614565717043 45.5430871539451 47.9507625179459 51.1333620860853 49.8257535964581 48.0770992112185 56.5256402570587 56.0508587335053 58.48296297381 60.1356635929805 60.6253671304849 58.866825026823 57.3334749879015 55.7337610512007 56.3717967613685 57.0284611964175 55.7570761359122 58.7920866604299
44.6299795271895 48.7995061505622 49.0730898117156 47.8782359593978 45.3696387102953 44.6160989079258 46.7899514766733 44.5726802602841 45.0514700504244 47.1662869869019 47.6098264773835 45.8000409946775 55.1784702723935 56.0258342588155 51.8680589395588 55.80609850496 56.5663739708299 53.6018885761737 53.7119125972409 56.4790323762144 55.9434456606814 53.6233380083986 57.5644381123703 58.907575789272
50.941710387021 51.9155058831831 49.2519227839168 52.2317505306234 50.2547927822953 52.3423005008685 54.342680798651 52.8053992060888 48.7883016831074 52.7325914530741 51.9642320250102 53.5469562738865 60.5494337874155 60.193482108337 58.1058204852583 60.5865845999871 60.1597870191423 61.9675387073124 62.9340579387738 61.8566297496553 61.1464070824849 61.570243192747 59.3273235735044 65.6383774598902
46.6331093937708 50.7182691318272 53.0574649171767 53.4217144817194 50.8657492975036 54.5621809075681 54.5606985863331 50.6982038286195 51.9169650446821 50.8446821225822 50.6209019387078 51.0121429595246 63.4461689224923 61.4351470583294 60.1238227243884 61.368093587387 64.3789263423389 62.2623564807579 63.2543526114725 62.2539910848865 61.7019795170286 64.2807259866373 61.6885034330494 66.008344377928
43.5361561799335 46.9926509601605 47.9364045961479 48.4863438536795 47.774824663738 48.0798518458075 49.9913767492177 47.4155554791197 49.2513043577347 49.4577177265484 48.1949321646658 47.5922271766757 56.140886536587 56.3223819536358 53.4909097484878 56.4433309165937 59.9683193969795 54.7191687236645 56.0874722688341 52.9045348234893 55.0153422778362 57.4340657791102 53.3876063952013 60.3283541345667
41.9457561093439 49.8222228738572 49.2608195942488 49.0487926265173 48.3144936926417 50.8889124176091 47.8102976167758 51.3513269528331 46.605808994518 53.8353337927349 48.8697829837782 49.6944307084432 51.6870477044958 56.9755094814361 52.8247852740199 54.3659899382957 59.6522834704247 54.4663526425974 56.1095228176857 57.5427926834629 52.4902983231339 54.1146079145592 55.1019219121437 58.8098696693802
48.5541465099198 51.4992168788338 51.0669267506101 48.9263976137613 50.2513732945902 52.5179285649039 50.9054884659793 45.1831256560234 46.3797555519006 48.9365970913592 49.0351462174225 45.4049703722511 59.3579557890387 58.7173804493601 58.2054477710876 58.6079662440941 61.8286144841447 62.258309662939 59.229114493138 55.8827275786557 60.1885169356174 58.9259671519109 60.9389859774399 58.867154687824
41.2378957197308 48.5166157926883 47.2950825051716 45.9495012597796 45.1604129432111 50.0116094784908 41.3224756174738 40.0719522878423 42.9275676509929 45.9661183347857 45.5122368926303 42.9660643219683 55.9971368072489 57.1272718192485 56.3584914970949 55.3126115874322 60.0740207936716 58.7374856090512 56.4043159482362 55.3473399082913 54.4288545629335 56.7844460209566 58.5639789896531 58.9954065948253
46.1117460075137 49.4871661419391 54.2687276421961 43.7228693750044 48.473304618406 48.697940779781 46.8602811493659 44.9948661790409 46.3602219845988 49.9526080666607 48.2560101770086 47.8338959820051 57.530373446823 62.0140370112689 60.701795506247 59.3777164645799 64.8067023581971 60.8832204565752 59.0071745310306 60.5526531835138 61.2715399991812 62.150857909261 59.9676587741747 61.3143217857443
47.5108035272985 50.0502829247826 45.8360229287772 50.2402159639623 46.8650822096562 52.1519043678631 47.8311155694285 47.4486266130953 48.2301450886035 46.9749047078419 49.2293808463916 45.2302747629229 61.1459552734028 64.073841063099 60.2230678030628 60.0631517779108 63.0842925940558 62.2392625471807 61.3800505362923 62.6088541847519 58.6253923726597 62.7217112505824 61.2894385667642 60.8430172801889
45.171175207312 44.8904517673897 46.5284216263506 45.6660999410554 47.8847181078124 47.9700555569754 44.7131173439012 44.1349000324406 45.8172818408925 50.331720629401 48.932539434651 47.6705274066291 56.9310864564802 55.531595563399 55.5685600895674 59.2883784488553 60.7038790421469 62.8288665643464 57.6548624017814 54.3932551034915 59.5678723569726 58.9228985934182 60.4895010857423 59.1728723481492
41.6128468144751 45.2622304335655 46.6092468052842 44.1939657571059 43.3721848931791 50.0432809329128 45.2375966196998 43.6398914793976 45.7747640450155 46.5594557294981 45.6348719009789 48.0469328462527 53.9975759243181 56.7880239230379 58.1468735239866 54.69587298857 61.9626585564342 61.1408534531352 58.6476495502904 57.2408749307837 56.7364127861664 58.6659416259064 59.4743015608586 60.5017840967142
45.1784008142426 50.7581682093163 53.0713215405389 49.6206890682395 46.7549716358315 51.9293630993827 52.6870753505932 46.5063621628414 44.8380031200762 52.7531682433737 47.7416394935239 47.1662969149299 58.2176771977055 62.6399572774612 60.0328188784793 60.5718390782152 58.0782220349288 60.4207786437345 61.1723775597695 60.6860711146483 55.9046070905572 62.6506192909776 60.9213754178309 61.0864647875838
45.9924587458488 49.58982647222 53.2579471275713 53.5806861186651 50.4784917815894 51.4466388739427 50.1309369073994 46.8738781803363 48.6862605467353 50.8430927647833 51.5788352064195 47.5306353557617 59.4919048984399 61.2566632804206 57.778501382357 62.9641718772402 63.1572791046278 61.9819522458139 62.4892963729002 60.8398501240092 57.4201459742678 62.2030136092255 60.6776265242997 60.6460979666938
45.4395175731697 48.4559054090821 49.9820916065402 47.2804835250031 45.3374374491535 50.6898148640512 47.5411940547092 45.8878647798177 47.471755212124 48.6286891699747 46.1588409208891 50.7656179048735 56.6018659912491 57.3879161717361 54.3784855873433 55.845348265353 58.1239163606953 54.0710538827559 53.0386803890123 56.3528801020064 53.9253299170722 53.5350453625052 57.737573590793 61.3533453942838
44.4593989245233 43.0998457132413 44.6951590656255 44.8103521149152 41.9672978390544 44.1771355048431 45.1535307744649 45.6128118973226 43.5880848418087 46.1241710620893 44.4006906149872 44.5332997799232 57.9702278382604 57.0171251321173 54.9636811205681 59.280993584018 61.8683088972887 59.0935137918906 54.7040489276334 63.4538732931709 56.9101248291787 58.9780942362195 62.423401595829 61.2745595085963
48.3873748780661 51.9251589485845 48.6470210937509 50.954765230385 48.904739678591 52.4929093033947 50.1888379448175 48.6788189924963 45.0649744095413 51.1730755251124 51.2090459184013 52.1940007210937 59.4849733546741 58.4204428356639 59.8169852438335 60.7393440298756 63.737427158711 61.2652344028588 59.8517916379431 60.5364395324004 62.7604632367711 59.9506066831709 61.2986892138024 63.3617246616714
47.4459054917726 48.5324317179949 44.4361409685916 48.5823350681248 44.7691706143308 44.1862785768148 47.7923781446133 47.323931621498 47.0804612378895 48.7932783804521 47.4790469252376 51.2204502270451 60.6509700794209 60.0738953754728 56.7086731778883 60.2555263068223 61.1908306261853 59.2352319593154 57.3988688277933 60.8520891093309 58.3741634256929 58.1886897078838 58.9454708667572 63.8474836962821
