52.4099912597334 47.8685595575475 54.4780063276749 50.18110069127 49.8882964219104 56.2994289485918 49.694817714935 47.7544132721606 53.3157880110519 52.9091782323811 52.0314210606444 56.074412513482 57.3236976310953 52.5146773449269 57.8475083438765 57.5464078584569 56.8540386289134 55.8317555180945 55.6406393261444 56.3208287922481 57.0743004186505 56.5267860233427 57.4151954297829 55.5140932172506
50.2399898075359 45.2711428351519 51.7112259835581 45.5462582380909 49.105329082187 51.6148382686594 50.1355460753892 49.5299331672287 48.5461482745985 45.0666282780747 47.3707952698993 62.6687857750064 63.3822257552362 57.5785875636207 63.7259025112839 60.0336012378197 59.4353785613666 62.0339961566319 62.5311092390758 64.4159932881101 62.1407560421652 60.6687255650322 62.519982685094 62.0241132123093
44.1809643192653 42.5560166734417 46.6126226668001 49.1369489783756 46.4327457880415 50.4930694997296 43.0998504847311 39.8996586954278 44.4279674146595 46.7178020955773 47.4922458721555 55.6556826533561 58.0848482429973 56.8065426377064 57.7783896970748 56.8556553333614 58.1667934100416 61.598997997421 55.4385580949412 59.1219293629288 55.4067118208901 58.9387596154004 55.1165462870614 56.8826397015426
47.7325262076568 47.6157764318818 55.6735362702143 50.8690101885675 54.1897899320669 51.319693376578 49.445913496121 50.0155089551859 53.4333253457065 46.7315342021184 54.9624012790714 62.0081024722702 58.5290280435125 56.5093603495075 61.4301306985162 57.4456310790509 57.8537066384337 57.913284376753 59.0952297638016 61.6254552637021 59.1713985540488 59.6273525944108 60.2222284443137 55.2812659313928
45.0467694421175 42.7698793364672 47.9486184116853 43.2990368740482 49.9071286350831 49.6401156506108 46.3437202074597 46.7189762581443 47.838795631733 44.1609562757371 48.00385332235 59.4395641161678 59.1202913502683 58.4804396169132 62.532258919426 60.7698000477596 60.336817183188 59.4465205155648 59.3085375959108 62.4068594552478 60.7643194180899 60.9288359571962 56.808721562912 56.8273486433756
43.7296077497126 42.2517363202811 46.1276971929572 46.4942484313502 49.2549217552473 47.3580742702946 49.2171542298997 45.1037711770397 48.9915633178429 42.9031340108535 50.7910433356313 60.9090062178107 61.6912610532261 60.1682675141023 62.0312714649749 61.3468238613962 60.6499046081119 60.7501869780977 62.9359167892513 63.7692393721002 61.9447284409879 64.6774343430107 61.3520089559198 62.0698181623545
50.6548470195727 48.8064326035206 49.6624930394936 48.3813934454991 53.8910228821286 55.5380654244141 49.4067880598654 49.9372111792799 53.0962168194426 48.1394721695403 50.0338978087609 60.333894492464 63.9494198589456 59.3852623265428 61.508868145271 60.2545652146513 65.0917603175859 62.2095005557829 61.1513704844833 62.5582060636181 62.616432956444 62.0230872875512 62.1652232116936 60.1371271909916
47.3596935612454 43.4185662064669 49.397356176572 43.2014437284556 47.0348954260214 49.1430236692736 46.970722459715 45.4071561347202 49.5771051075529 46.0060227418711 47.2048981628531 56.4824220284266 57.0977934702042 55.6311913980029 63.0203693623018 57.2424896294121 60.5373376418328 60.4976546314979 60.7798921878667 65.7960647832306 57.6297752231811 61.5954563958931 60.2417444620943 57.3670021888996
46.7439135545955 45.9486050142141 50.824117463073 43.4847842942794 49.0312607190335 52.1583557719416 48.0557942314903 47.6270767437078 47.1186171891775 44.6079110679853 49.6850430432879 58.8513743716908 57.0742359962472 55.659225887109 61.5654061311393 56.8857078622983 59.8757945189766 59.3154614792006 59.9162755207743 58.9420316661446 56.7822840823001 58.403156183785 60.2953107137061 61.0340240462136
48.4654235706777 45.9184054487533 49.504148933872 44.2278429554642 48.2321694034466 53.9697663341216 50.6791651466508 48.4847572016027 53.5951573319763 50.9898840311432 45.8737535658078 58.861362750185 60.6587544140242 57.8070962218928 60.6747638255817 60.5512352662001 58.2631789621779 58.9143429139576 60.475207769127 59.6319548418377 59.3412964627333 59.9094860595391 59.6153272504939 59.5596660973586
42.5241033072776 43.9585653803614 46.147867499134 45.0869365711808 48.0770540081204 50.6185064074878 45.5082430346045 46.4423087402179 50.8640429503476 44.780202598963 50.396966532683 59.9010421322503 59.5133342511053 56.7892223431011 60.4994930609 61.6625979498208 58.0034736183618 60.9570984130837 61.0268117410754 62.2232925409572 61.0489901593104 59.662870836482 56.872164984599 57.8194471813973
50.3376545138516 48.6065712511283 50.2578924834557 53.1086429138541 51.9947147030255 52.5403469923294 47.7504460414592 51.6688163088259 52.2582693691023 48.9004687279435 50.7425048849521 60.1517951951452 64.6098331145329 61.0233015685611 62.5578070393091 58.4557671844771 62.3398429779994 60.1522320646179 63.1421811745252 61.6772476939236 64.1870575117092 62.1239833669139 60.8226379809017 62.6286555771914
52.2969147058094 44.2920200303787 51.5867759684898 47.1582841164661 51.5812086938944 53.574304751496 50.3060745877998 49.8574325560297 50.7569174477448 52.5825374886141 51.6251401894613 59.868420214145 60.3470333705509 62.100696986742 60.3363510411872 62.7570276791026 59.8051405916672 59.3245262470494 56.4166939289087 59.3093995075661 59.5863122114102 55.5102779453685 57.1054486220531 57.5713494444763
51.1719181555413 45.0573169184098 50.6374566621812 49.9691854238299 51.5931984576029 53.7694202665641 49.5305102285286 47.058280138598 51.8032672728201 49.1425874396073 50.3822726467853 57.691488749664 57.9385496407522 55.1191892349362 61.1657618094189 57.9533605457165 53.8955173215008 57.3004719657077 57.4458296287568 58.3403485269054 59.8406188497836 57.3485116410925 58.5168976028123 55.6603277083635
46.7898442119074 46.8983249753892 50.8690722442854 47.6420410893051 48.4806255165545 52.9078905401233 52.0108925210759 52.4197791324343 51.8645851875355 47.3693727305421 50.0837028704435 59.8862397998318 62.9500420311462 58.5869511537749 60.3309758222428 62.8801492289007 60.3548021673737 58.6801893141974 63.8365972351039 61.1175932628166 60.2606807288482 58.8942590504712 58.8944098577054 58.7044069462734
46.3603530377997 47.4963382867412 55.0665754320234 48.4863934076164 56.1523958469805 55.2034312879036 48.2784824468519 51.4984664221108 52.4538401484324 48.5844988330302 46.9507095937117 59.8653035901824 59.4649973924178 55.0688501882407 60.0643728902935 61.6062054055172 57.9417629694836 61.3566014925821 60.1837289598463 62.4153646888909 59.6582215035624 61.9605265787246 60.8714381971988 61.8169011888092
50.2053179690578 44.9263933662002 50.9058008530094 43.8275730993999 52.8075441272491 52.7681161649353 49.0109991893078 47.0541031234817 57.5579072262556 49.9301916617455 50.3509105644256 61.5054297249388 64.760992043679 61.3293666654654 60.2883058576781 66.0398313032741 62.0195502218101 61.0921654797838 58.8615200455261 63.0894611822584 61.7658282099444 62.9658939506156 60.56038875518 61.2245514522595
49.5949959069074 46.7840127089123 53.1880967421059 48.1919189364571 50.9480835690511 54.8427715316328 50.0304267767487 48.0690353691976 51.237330918452 47.5574403961813 52.3223127715711 58.0716938995402 57.7143064946735 55.0243118264589 61.3754655733938 62.1834818757454 59.6412514215239 60.0292725663006 60.6703044105808 61.0681497331027 58.9328103474813 59.1241607853527 58.9281417738191 58.810302694535
49.6888797540595 47.5112706689413 57.6610306293693 54.2879801219185 53.044766929305 56.7308991763729 50.6482246227691 50.295799160688 54.277461762537 51.1766900689674 53.1077199635712 60.107842123267 60.6323562455787 62.4873955736456 59.5606109481769 60.5572832569423 58.6329753459262 60.0684020216054 61.2650434418775 61.7898296944398 59.3687706185086 57.5228443806966 60.1436594677943 59.9180422453811
49.3231131613247 45.5252411240928 47.1470112119216 45.5212024177054 46.0192777292197 51.438745826401 49.16240288684 49.1299917822576 48.5999256742087 48.3015636186782 51.3985449572572 59.1142736473378 58.0994267766602 58.3319626277735 58.0877881929709 59.8212164438872 58.6530215571794 57.1104833446355 56.4339956781443 59.5440351916245 60.1005210035865 58.0633401432245 57.4543127653026 53.4153299459933
43.33056634978 44.610620078895 44.1771008512952 48.6680928254878 48.5450927951576 49.509834646662 46.9341505557013 46.3600861668688 46.8207800068404 46.1867035884752 48.1192336601057 56.7807770482544 56.890348647705 52.7208501276727 58.2574797636009 56.762391107933 57.5210654009618 56.4726390230562 59.8846947158906 61.937772131206 56.9602546539554 57.9769581992874 57.9895917939515 59.6127132481503
48.0036516590666 43.2315015397663 47.2175388570458 43.9648750908124 48.005250265974 52.0902442581951 46.31111038792 45.5150662413933 42.9643548386155 45.2970950893259 47.9556981789491 54.8964020225661 57.6578806065578 54.5750398599501 58.3946913189584 59.9347261177739 57.8434272050879 53.9476059476469 57.9421804418864 59.4212370497596 55.8432614065866 59.182793430083 58.479055428845 57.644889821812
53.5272566028084 48.9860739903643 53.0140828813027 53.5029200125772 55.1218547642783 56.6144845304148 50.674353866282 50.160251573671 53.1697926055727 49.9728399284171 50.0948811560255 61.0820901321123 62.2406626728395 62.8226045145782 62.0468583279102 58.2524772279495 58.8565378372921 61.8240834581222 61.7318327505627 61.998930549854 61.413416323908 64.4667298154883 62.3940470615238 60.476676189902
47.9479234009658 42.2244252927827 46.9171909183679 47.8326621802983 50.9694110683823 50.0954750310462 46.9043758719445 42.0498772331653 48.1965017285344 46.8182676501734 47.4369221105663 60.1188851144268 60.2552317570964 58.8004883693013 59.1254121111712 58.511795993897 60.2272438139471 56.2376344691499 61.4179771126753 61.1413188767784 58.4445640480742 59.3388776458469 58.6811500523253 60.5715546478338
47.6626744251791 44.1715004536218 53.218480143539 49.3529597609094 47.46294589825 51.8634072060472 48.7289771423567 48.1050759577143 47.9732641429583 45.1589883526905 45.2929137762075 59.6750650975821 58.3665911418007 55.0576276911257 59.7543620258481 59.3559613259557 58.428126595632 60.8545560523096 59.1830672203947 60.0309545766027 54.7974128013861 62.6840276516034 57.8972919105954 59.5405118585896
45.9400712511107 43.2041771292315 46.0090054205036 45.6758283441825 48.6715516707956 49.9066057511849 47.6969721551648 46.2213589070606 47.8299061931826 44.0630704526504 47.8867002266346 58.9786705080787 59.3107686565724 57.8908703494937 57.0562185276124 59.3949762032423 60.8751408455817 59.628282116808 58.8115649086228 60.7146739699439 58.7454707492395 60.2713448975775 58.4442498879403 58.3080058312164
44.7960006276242 43.7242135772571 49.6630411775894 42.4065232367585 46.1590670552707 48.7913287265705 47.1910908487882 45.1328420549366 48.4898189352954 42.0057500825479 47.1434753474095 53.1506492817236 53.0953011885065 54.5297115365948 58.3792508123835 56.7012036924235 56.0826896458271 57.71168236631 53.5043352270425 57.3636170446084 58.316054376247 58.047736688624 53.7119529353214 52.8662540524187
48.4277688743616 45.6163663647959 50.3079750435979 49.9011856865624 47.7992958547762 49.9320391228514 48.1277090212777 48.8710087097891 47.4047449874257 44.8355206617731 52.3799049749141 57.9554387490912 57.974727725279 55.4459646109231 59.2069606604727 57.2235786529066 56.5166493845285 60.0543945558055 59.4231661082016 58.6332873056184 56.1761673544936 55.2748472274841 58.0503822312737 57.6454401730754
47.4754968390992 44.7953465368277 47.9632688647666 42.4650342026002 47.1992285767555 49.0784720217821 49.8434186374183 44.9683625894499 48.4277753921616 49.5571661252293 53.4284275419418 58.0711391468361 61.5638723800866 57.3873164088945 59.4680374316486 60.9142315712571 59.4618900887834 59.9556134330988 59.9564626916181 60.4368083968824 59.6431405187432 57.1497262902568 54.9777726881612 56.6167013385905
45.0927981100066 45.4784541612212 48.525220313724 43.8157904552436 47.3499404727851 46.0768977290503 48.0445379021917 44.0957539912792 51.107008808885 45.1301598575064 47.3371857307354 58.0947377826499 60.7440572097063 60.9718796661817 61.9775149596208 60.6928571668464 59.9309264009604 64.3122127916275 62.288964593465 60.182425574227 61.6695396307366 59.0303244399719 59.9565190781488 61.1476396316752
46.8091132905114 46.7528819198205 50.4774670656182 46.3078888678177 49.7178260871826 49.3498189636884 47.5473961558615 51.455669211001 48.3668494062976 46.7420651626753 53.6633096321036 58.273213527823 60.5955264885756 57.6363047533382 60.0704697849389 56.3888400869541 56.608274995735 58.4892251041643 59.7211674794062 59.9093322944516 57.3063067741526 58.6557019498427 58.0093456554252 57.2898914765951
50.5765061344726 46.624418881798 53.3008884729771 49.4524943893859 50.8562978328705 51.7584758162707 49.8389305047608 47.3220524219895 53.0568291910922 49.9388675389101 50.9434403017477 59.8375091904285 59.4568469389802 59.6241425281987 64.72104544219 60.4360073974394 60.4491919686615 60.948885758939 60.9838701906714 63.2659352947438 61.7204451888051 64.0290882867384 59.0753377673805 64.0922023525536
54.721927716673 50.2832473854028 52.7786099418669 52.9904365911994 53.8150921594172 52.5615659410885 49.349154874525 50.5361555495849 55.0934007662983 54.7217021409866 56.6982842169542 57.3066186971833 62.0784318374915 55.814197808019 60.5477427350009 60.6133245285213 58.0319791844419 56.272914799858 57.7702699440059 59.9060864953572 58.6713607350093 59.6656964193281 57.7315976357428 54.1880628788158
48.5365803203874 48.6912775018398 49.4653371714118 47.614012419398 51.9914108262411 56.2671915784154 48.0658825423798 47.6374940168068 52.233411563903 48.8870231100742 50.2763455925767 58.4367207117182 62.2680087741175 61.7060995143347 63.1061068315808 62.3100044040533 62.8336204094251 60.5502968887476 63.8922883689568 58.836004988673 58.9225181609047 58.9250792341249 58.4926655320241 62.600029417282
49.9697669707393 47.8151015439535 47.6579302205522 44.1882132256358 52.9890957434726 50.2783141925051 47.0903795580342 48.9872884027687 48.942688945543 46.8652724480197 50.7142504371057 60.8614616532295 58.3453480704475 60.396551927971 63.1032680517243 58.1054711054839 59.6673635349503 60.917259551112 61.1846085874602 60.2695471647372 62.1163554895079 63.2173534962334 61.6282476823973 61.9349360480274
44.0365495760793 45.2132131401539 51.073942571416 47.0385278394615 48.355917954411 50.6805585033349 44.2483847531494 43.4484688759637 49.1738859220907 46.8691832047307 47.1094697412248 58.808967094979 57.7548516560935 57.0394858094363 61.5318331208972 57.7987595527651 58.1037576344183 60.7487555822449 56.7844707299825 58.5463926412588 59.161392763338 60.0203529113935 58.0010862038966 54.965942257198
53.2015542061046 50.8337394488738 52.4257931989086 51.2456549745796 52.6041316306806 51.5780418814143 51.8611367636016 50.210811319478 52.9797104950792 46.676340917059 55.7812313310384 60.5967177352275 60.9799176087772 57.137877259095 60.8591241661431 62.1097850530142 59.7691123857593 57.4911819279716 60.4128628999509 59.6378163673049 59.0351830621309 60.242502273859 62.559914341309 60.3039418781871
47.1587768800181 48.4013275572587 48.0996240519186 50.4403020168214 51.2625486665947 55.7746165302765 49.7614264172141 46.9587655633359 51.6224254627163 46.5809804532991 50.4470722962319 60.3097425260611 59.7854457024535 59.2508786392769 61.5101785868292 59.8516775101049 63.5737234462622 60.4154927745196 61.7383501264242 63.7633945239658 60.2127303861455 62.7789709229648 60.7516650867726 61.2774514069503
49.7894932696433 44.2092751112385 49.519208667388 45.5699086237115 51.3015758912861 50.3246386157169 47.1846539924496 47.5159767689341 47.1204733084779 48.6662557211491 51.48800530218 60.5751710466192 62.0673514907796 58.1813424692288 60.984831543646 60.9409738168601 62.8240842594169 62.6355424160182 63.3429007381394 59.826518324784 59.8090510735442 61.9310647975358 58.9638309370949 58.5078031297219
44.6665280934104 42.4978983504544 48.7959186371394 45.1446859061611 48.5639596080792 51.5916338972811 44.5428458196617 46.84499694072 48.7153587865377 45.4387521215419 48.1063759115316 57.1920893222563 59.4969637567082 56.1478426609669 63.5349740637126 62.9188277604474 61.1953785380584 62.7650803420593 60.7522861396427 64.7105805174953 59.241957134306 60.0203739895342 58.1082503851441 60.5171911909852
46.5779948836047 48.6971560079876 52.0733684688983 50.103042364187 54.4466246421323 53.8642006117475 48.3966126500649 49.8768016450519 50.7994423869335 48.818434808052 51.9286040435548 61.3862902291924 62.71343751599 60.142303771695 65.8609072332305 63.4555751478349 61.8679241056278 64.6736920342398 62.8982790637746 62.4842523687149 64.72064032426 62.9929284692324 62.3252041762636 59.5540940214951
49.4240215264882 47.2847403726378 52.0595744442975 46.3342803604658 51.3022125323993 49.3468873499568 49.1430993671943 49.9618564567665 51.1290213757357 47.3752352492391 49.8587658726181 60.943661053885 61.6076777353589 58.7314865957021 62.0142828990999 59.8770304161102 58.3276970814678 59.8560051264008 62.5470124496913 61.8322824710936 57.8218407226982 60.592223328298 60.1152065522733 59.3199148413592
39.6939116285685 40.4866146166944 39.0301533352117 42.7305359785897 46.8692678260766 44.8452407687834 41.5750571932568 39.8506968899678 46.0654153040495 44.6454849140936 43.1823053431557 58.8991350312746 59.8318866414379 57.3073775510889 58.0908376369594 56.3045323470643 57.7175034076303 58.0434462655806 58.7764072588922 58.3981804655021 56.804611371454 58.9301131521003 60.1404277710971 55.607320822418
45.8570792938834 39.0485410918905 45.6543453979348 47.3369949253456 47.9626990305389 50.7241502601083 46.9616204978101 43.2104504683535 51.0207868124247 47.2575895618538 50.9265725186569 61.5642689238233 62.545996882887 59.7265050503338 59.4880148387706 59.5370358950033 60.0393727250277 62.6359026945287 62.8092029814136 63.5767841866548 59.0520389912101 58.7330329630454 59.2186878660483 58.0426474682995
51.6897182135327 44.8261372615901 51.8176423005434 47.5601298348066 57.1256703633547 52.0740514371742 47.5350088457667 45.458348794923 53.989858682016 53.1433184902875 51.4536385251798 58.6977412141341 58.7570938754953 61.4758580272754 59.798807122543 62.5228068172745 58.9738410998812 61.0032703309586 60.5856742786841 61.5394460291011 61.8661333903658 61.7387960096594 59.6836077094641 61.3358824261804
46.589120125664 40.0806971349815 47.9450349925307 42.6216976548642 50.2466991286757 50.1319184456271 46.0971643205056 49.9597472861732 47.6390464181036 44.0660611631435 45.8194716292864 54.9257064959301 56.6293609344003 56.3470451483737 58.5500950174099 58.5359787081911 58.7604768227482 56.8035845724324 57.6205032720354 58.9337486809879 58.0033576270189 61.9868450329263 58.8174842290432 58.285520148219
51.5069525824952 52.6225666342331 56.6899712784519 49.3489843407606 55.0616922479361 56.6267400418766 51.4308027050973 52.7498634819355 55.7745126764297 53.9349464176799 58.9963043793212 64.19021863638 64.0198872264411 62.0982397350864 64.4271841670789 56.7932965886852 63.2138367848063 64.0422802594058 64.3114153079623 63.7767480763975 63.142180787816 64.7683325310779 65.9740208173144 65.8879983434053
50.7711517437613 45.8963176979192 51.3722314517721 51.600525907842 52.9691609549411 51.9393031709041 51.2505667920975 51.7217979995373 52.893997086913 47.7627318511418 53.3305514646907 61.2879435553481 61.0569893293703 61.7856902244602 62.2090262348341 57.5507387592401 60.547199894229 61.3190830542288 62.409069655199 66.3237944220455 65.0732273358605 62.0340904517475 60.2189388654158 61.1975472066582
49.6817314211292 43.3370946357174 49.2994544154404 42.3043766608463 49.6711299423957 47.9191349934986 48.2055204007441 44.6729520755777 48.7200148121416 46.4853360628261 50.1194059014287 59.2589859763273 57.7830845612634 54.3730078369287 57.8225979000129 58.4096690150213 54.8116372966396 55.3980793907944 57.4715015228094 58.2057913439422 56.9639608027072 57.9869690123104 52.9242664951023 55.3574381086093
49.9519243875513 46.9628774307541 54.4255797225146 50.4284063763942 54.1649577377655 55.6559656601254 52.1079070207719 51.5808440279257 55.2069671210753 52.1586079892936 55.0712134860505 61.4044309340072 62.1873145465614 61.0207929362436 65.8988743421691 63.2857855030185 63.0443666909121 63.881980846043 60.9826885667843 64.5753169937938 62.2909192885338 63.6782064081221 60.6459059621647 64.6177386362521
49.0160761442927 43.1486684846167 49.6545714343641 46.3379516701568 46.5028907651478 51.8305994234962 49.9434091197987 47.4822422342402 50.3658320408437 46.96606283877 52.1046525320891 60.9510254114466 63.41796931493 59.970742282289 64.0007260535561 60.9812818151263 60.3167450290717 62.7791644246702 61.5434216027222 61.2176783619324 61.9277344257904 60.2907398679729 60.832891384538 60.0073826762701
42.3066411777925 37.2371577322171 49.0572651664223 44.7380779040574 47.2475631366727 50.5586090070889 43.2988694081902 45.9427760146007 43.1023839002168 44.9363778423902 46.5720590848647 52.7052944710619 55.5750981797704 53.4582773201347 54.3213330773577 54.7961563349214 52.612291638666 53.3489585627952 54.070762386072 58.944205829829 57.5411507799944 55.7783187192919 57.2254746804546 53.5583923442201
50.6726682616341 47.349303089371 50.0591960477038 49.7741615410327 48.7492307239574 52.3365950546076 50.655733190899 50.5490429704892 54.6559391077772 46.348814571711 52.1396239542727 60.1335884761826 63.5286500329746 56.4947784936013 63.3345369171707 61.7168359969208 60.0878255618514 64.3179954150065 65.2504059014636 65.9013168259546 62.5525799805994 65.5853136831538 60.5193740666206 59.9732515689564
48.9734680659996 43.5520611085246 49.6554506789616 46.5335239481787 51.64949645955 51.6877590127281 48.501928337461 49.3731127756056 50.5519222671569 49.8893498889868 51.8963290021395 61.9809433942764 59.768383544508 58.2002331433671 59.2970851263399 62.6987917685769 63.2799450432892 60.9652882843892 62.0131608630266 59.8861119828836 62.2502999368482 62.9477161018394 60.6547291544904 58.4331184807611
50.8700414630436 46.925762531063 50.3753796984196 49.1894082851858 54.1991012982683 55.3021565831028 53.2181003298566 48.9686283398987 48.3145515291871 52.7577794093164 55.178148495961 58.1599931204156 59.3054893706405 58.2173908960827 62.2713526851037 59.6011672040953 58.0104311766849 60.0162584391168 56.7942647724065 61.1952119297598 58.6564051351428 59.3484796970792 57.0231191415155 58.7499392128104
49.3847790433114 45.0634235215688 51.360736524597 50.5263930201446 49.8524688616173 55.4965666579883 50.5035162834585 54.055902265602 52.6800884299819 51.8109627590377 54.3956730776634 58.9952089508708 60.7753911555935 56.1433714054484 57.8579252468157 60.8249208781387 58.6119217064454 58.2976863610809 57.4172746245948 61.7565906666483 60.6981258320283 61.9135696849831 58.2813660171812 58.6131811180524
51.6176384382987 49.2662916632338 52.0270190231073 48.7051408138546 52.727546942342 50.3977928794877 52.5380554275915 47.8736221128438 50.7153433996915 49.9239702665522 48.8345447202261 59.0297287363831 58.7441464375327 56.1876101255033 58.4098971863218 54.5320894344393 56.7212498976007 57.458070832818 59.0555944714939 60.719647181274 60.0192946030525 62.4651128837509 55.5578416025687 57.593779330099
50.5115620194936 47.3081243577695 54.045987758444 51.132432432842 47.4239038612088 54.7012957113929 52.0217675575788 46.3359853133238 50.20152084008 46.090254622283 50.8026267937188 59.1951141511212 61.0914396048865 59.5366801159101 63.2963685269334 60.7458475200489 58.225744658149 59.4854959195246 58.6945020452392 59.4614775161903 61.8778988247073 61.9069319922305 59.7922611049351 58.3055260138237
49.5976712576388 46.7709527291988 49.5224638529561 43.7697261337263 46.1887131109328 56.8295242746956 49.5157397641431 49.2144188720713 47.0897788409515 44.7963087701633 51.1386759499208 55.6980470934201 58.6192670442142 57.1091436344298 59.570196990254 55.5296299180733 56.0676957607924 59.303664882338 58.2328839260392 58.1488710285794 58.6284755980515 59.9072443823531 55.1056501711971 55.7126551238882
48.4947892853201 41.5329640540888 47.7531976534309 47.4097446863489 46.7931109912777 49.2906298340593 50.0788448335458 48.1809431505433 46.6008089509366 44.8020471574877 50.8501132037456 56.3645547207278 57.2624381990817 55.2606654255661 57.1934054613272 57.7044663236937 58.046000193373 56.9625966384949 56.1740494155132 56.8465138046658 58.7954316722403 56.2772052273456 54.9637321127107 53.4930628455641
51.3454988668913 48.8172156720098 54.2172008905887 51.8051939107466 53.6780076677272 51.3107459110444 50.5035103714808 47.4950746587109 54.6581100586101 49.8248681693485 53.8760045553652 61.335222823794 60.6284612230086 58.4384422997845 63.544386348274 58.1999028314918 60.3872073093959 60.3499239939464 61.1255357482005 59.8063161469092 61.4998083782319 61.2400369023039 56.6157520268445 59.1083909164994
50.2918560760171 48.8890342332485 50.8360285933406 49.1435304491458 51.438098081967 52.1944858357839 50.4878511340481 51.1910744893285 52.0427440488375 49.6075092346977 51.6083470231634 58.5477974866773 60.4453014011869 60.6128035088297 61.2757852701421 57.8468395387685 57.5871820627807 61.0411889674567 59.4616723286934 61.1801651281978 58.6980329377277 58.6072389257083 60.1410480024153 59.4557599819268
50.5835944497512 48.5160698261563 51.3771245434986 51.783942727462 53.2646399751175 56.240968541969 52.3198099973737 51.6575652684175 48.6165844663109 51.0671084170033 55.3069038150437 63.3322666629387 65.353456401975 60.2987692111213 64.2155448278305 62.3554316896005 62.6930426399727 64.5573316631662 61.2033442786072 62.5397680229648 61.715168236864 63.8537351284875 61.2111782630416 60.2894166608716
53.6319214841485 47.9341404226907 54.902305879586 51.0517507819793 57.496452990477 57.5044826376316 53.5822976094575 50.6008657815796 54.8526538269607 53.0301878240498 54.8927031928602 62.2972444798476 61.5956404413687 61.9420208262209 62.9109793637102 61.3836495017244 61.6191831205811 63.5368488180895 61.0207078119782 62.5675498794112 61.2812491115117 60.368963970288 59.6291979761495 61.626927989474
51.5296701024675 49.2109243092188 56.2502861262461 48.6324263458386 53.2386327090942 53.4395292052054 51.2251634036552 49.9391150293194 54.2799808717113 51.6585489552929 53.2377296944774 60.768322611318 59.9714703597746 60.9620882427108 62.3183475446738 58.9859691868477 59.0726813128222 60.7658285368026 59.8418724817292 61.166624648798 59.8064919602715 60.2528192109183 60.3380035553018 57.8994429917316
45.2986897778248 44.9353739480849 46.7110060821428 45.8930641278115 46.6755763006234 48.1392052046841 47.6325075738652 46.1122677107295 47.248309929207 46.047781148435 51.8169794909452 56.146439178395 57.5350160040406 57.5090909838324 55.5463548312221 60.3962663407183 58.2990639499867 59.6687434986529 60.010338408907 61.6851717284115 55.7169436773032 58.0739949884289 60.2398211542785 56.8406056771956
50.3970377446522 46.7717657452283 51.7928112174314 46.0602791856813 53.9382986365291 53.0256893916331 48.5338072844205 50.6142588629906 51.9066724874213 49.92660843852 55.5482890798108 55.8210322973185 60.0992452538336 56.2539355203036 61.5915143254185 58.6702349749039 58.9159563087835 61.2242354159033 59.7205575704179 61.252917888252 62.1443464544178 61.0071135230567 57.4428813302162 56.1184711451404
44.6300365510651 43.4768154913063 49.4330675167522 46.6340471927257 50.9501717652502 50.9999143116709 44.478038320536 45.316538603066 46.5972352788606 43.442883619622 49.8819921126052 58.7696688634228 55.7386063185568 56.0615554847756 57.9221532352582 57.5606073810931 56.5249933935975 57.8395851240851 60.2712647057788 56.6015087881437 56.6854297361788 58.7304793480986 57.5193596815252 56.1286258017758
45.7589444938155 46.8838830164984 49.0845635111819 50.3022176562513 50.9430013592928 53.8592319742976 47.8824361613083 45.3084201805375 51.9767362393592 49.6671925013722 48.999023135669 56.3203377624047 57.4760163264219 59.0229355644417 59.2789834470783 54.4726340736714 58.0526121161511 58.8185985685787 58.0796777757212 56.9058454021413 58.9221847546999 56.7487883248043 60.1500703868557 56.9124877949742
46.258036879568 41.6671956922491 47.5895130117011 43.9875704984391 50.4901589965562 50.3743445414094 47.3565326049234 44.6951229879939 46.9091796769731 45.7698296590264 50.4752859172224 55.6245835987887 62.164250351858 59.0519434640161 58.0415570651767 57.2051056453298 58.8385915809419 62.135878544618 60.3969589571824 58.0242327698967 58.1516354868321 56.9176387342122 57.153838749401 57.7004474732091
50.6263557525746 45.7404970332773 46.6343896349536 53.6321664425106 50.6500365498656 54.7047192987822 51.5610557069403 46.462982990106 49.1274755472332 47.3781937310039 50.12486835207 63.7718505002429 63.014181773481 61.1916749764505 64.0566179967502 63.2839082982313 61.3798098849973 61.3784693068375 63.8816290529482 65.7947031065162 63.461491571049 66.0697595264596 62.8154627549406 62.1304740517226
44.9225192835879 46.5372794709288 49.1165106737894 48.2903127829877 49.5656798785196 51.3211991061636 45.1820921640402 49.6637914892334 49.1843286167232 47.0811340273842 51.7506608747271 63.8348166735766 64.5968708710589 60.2835781895755 66.56272794488 59.9730260158365 57.3058969685046 63.5401622755347 61.8450631655337 64.0539044155038 59.7702290012493 61.6101624690087 62.3541080227936 60.8230862663185
47.0904867977298 41.980090999587 50.5056898810044 49.0094670312108 47.1971314353304 48.9250664660697 46.0740975756768 44.6513153160229 50.218144420798 47.9857088184862 49.8560848723139 57.5823132594034 59.1366723986613 56.2951717225103 58.422378880703 57.5687844124998 60.0886845187526 59.339636081281 56.4304179635393 60.6135587423061 56.1757465159402 59.1842975266531 60.4683397232322 57.1095015958822
47.2131372578238 43.560938418533 51.3423314044799 48.0270048747504 52.8100982323319 49.7842265937555 55.0908638064813 47.9150997811097 51.6792200038127 49.2988580551587 50.3831860625826 62.080085240695 64.5223538210751 61.3929066649568 62.2609886160903 62.7774708335206 62.3886034232769 64.4478890698914 62.5095351957839 63.7570122115158 61.2585523938279 61.1843830778504 64.2910313221877 61.3922400177392
49.8469926269923 48.3187971659327 51.6485040811949 50.9718924058086 49.925418386106 54.3651561446453 48.5614087194205 50.6602558954211 51.7076281309276 49.8751079807222 51.2581662533096 63.1095179775945 62.050790246241 59.7802125200975 59.5518128868856 57.7672692765912 61.4941435588264 62.8893525402028 60.1273352616223 60.4492706322617 61.8232023115427 62.9682314559134 59.9727786018667 61.2658858648498
48.6026964725702 45.8124254103686 51.2989231272012 48.2866334884911 54.3673937998822 53.1548262283863 49.3318675098087 49.9639880166265 50.7770409060187 52.0337830553387 50.9738809300426 52.1993355559216 59.8445152739391 54.8694419516046 55.09222439777 54.7211168112156 56.8013882496536 55.4682759048992 59.0064810954111 57.3347992327451 56.1768354589525 57.8495734383065 55.6705070857798 57.1593768503577
47.7047191296852 47.0000053761715 48.9643532590657 48.9883396248297 51.8859683606797 53.5581125411795 50.3000137344077 47.2214968350488 46.2996316717607 52.2543991288362 54.3683574716909 58.0293965115513 64.7275760836678 57.5105639985753 57.8272827604985 58.1573950705372 58.9290449056295 60.6147871187327 59.8327668666323 61.0549521535994 61.6781750634164 60.0319498688614 59.2423479584508 57.3951207016821
45.1222112384434 42.9593514171576 48.6992331310137 47.9222231955271 49.0442201000297 51.4216593605614 45.7608022990755 46.2172254474896 51.381327272168 47.9381123722612 47.8099942490616 58.6751960839301 59.9283175548472 55.4509068208675 60.6285237766112 57.5509668484841 59.1665755326823 60.7663426432871 55.3064261921437 58.9936274049051 62.0993899875937 55.6384604610482 58.7734983230098 55.5195743296585
45.6480879752706 44.8029633686148 46.7277436898628 46.3683709119844 46.8068139471686 51.2865033615903 47.1662544536902 46.4765125063209 45.0009719584936 44.2602849719185 47.2239589597824 60.8796384323404 59.8392029143358 61.3035684332371 61.928776249801 61.0146908580897 61.743698386391 61.9902235331223 61.573536497615 59.4754040503345 58.4645473646402 60.8063494443146 60.0234560892826 60.9078343910978
45.8765071201754 42.8620166197588 47.9642031977503 47.3798613104256 46.2948071381743 48.3500157013479 44.561328410799 41.9859080779096 44.9270410810173 42.0729324532536 51.4572972293695 56.9415876132033 62.4492741569503 56.5965751439505 59.7917716363032 60.6947692401739 60.4751891157525 59.4808665689006 61.4241571673019 61.6337858939722 58.8405433673963 58.4737798295918 56.8581589063395 56.3691975190895
54.9968128752582 46.5617640840722 51.936313575191 48.7153983174727 50.3113238947689 53.7766400835556 50.4106023188975 54.5852380005684 52.0472962834985 50.5690747671298 58.6064790550418 61.5008650572545 62.5442139054131 62.967967659443 63.4632066614088 59.699889495999 63.2325694527041 66.3820302969479 59.1656346547208 63.281404812141 59.0710521744418 60.1459353111766 58.6815628751998 59.8850215389484
52.2299507496621 52.187812794391 54.3551009045041 48.1422628562704 54.3116309204964 58.3211849660168 52.0048395406456 47.8762028279671 50.8973659883566 51.4249404423094 53.2208228364505 57.087017230082 60.4727462143563 56.7439595557736 59.2726201865993 59.2000696475835 57.0114188204992 58.4890122170122 57.2076373382 58.5915783579712 56.8505706064878 58.8679793796878 55.1859490604898 58.9164348644732
49.8674626518361 46.2278886332983 51.2987474368653 49.8753101177489 53.4399768252229 53.5772456604304 48.6809479865685 47.2115472264354 51.4399392696925 47.9880794608493 51.440487626542 58.7473046778827 54.4892040079033 56.0451675213789 56.1286163323626 56.7611811259862 56.2085079958196 56.9199642250475 56.6246125427572 58.0226244892622 55.5988388710173 53.2790065622635 59.3795077745333 55.0340688306444
51.6328550496936 48.1571900423015 55.2229115317739 54.120603466342 54.2256338265207 53.7219951225121 51.0427767606066 52.0920603021327 56.2254407585689 50.1260002986649 54.9306167532064 64.8585499714889 63.8033066628263 60.7855705318073 63.7657233286054 65.9483773550682 64.4400701894278 59.9796784975917 64.166644998105 65.1292845098291 65.9091386937463 63.3689135136134 62.7695501237549 61.3013402363723
47.561420668334 43.8147561586298 50.682260323069 46.3560997897575 50.5332359660465 50.1252397992202 48.9975661881963 48.2641352045835 48.0488214210394 46.0029178848215 49.3610875561163 59.0774027506152 61.3392458830346 60.4567493995768 62.8980690326311 61.5141046250967 60.171105601042 61.3782335610678 59.5088228672716 63.5776455898129 63.3475777090608 60.7649554516015 58.7100011475577 57.9625111382851
45.3283075564095 45.2090024661641 50.5261785587929 46.807521889583 51.2487173447867 54.2408700997931 49.7058141332935 46.5547658374837 51.2473750549305 46.6162830015271 49.7221245489838 59.1043018624089 58.1426660475574 58.0385353237164 60.2149799755728 58.6823388312545 58.8504404200501 60.2945842943622 60.3260422929497 62.1517223051553 60.7750856489893 59.606695103361 59.1716283074833 59.3141304469772
46.7585938027945 44.6930840301353 44.5105871711245 49.3669084403817 46.2657430028469 52.6966565353359 48.42823179084 47.1447464633584 50.812300247665 47.0580397246865 51.8731626680097 58.312163501361 63.1692312007536 61.1450966340341 61.8075437446496 63.3071217119252 62.81905588804 61.317286612308 62.160920140449 65.66858866544 57.6553293628271 64.0999297673989 60.4926832272639 59.1122052564682
47.8321211376696 47.2904991649191 47.9514738919775 47.2018743320122 50.7708183369763 49.9754438041461 48.2331260056597 43.4949744836715 50.4422039689526 47.0644970483619 47.6140426304807 58.6364769199148 59.3849365068468 55.1082311470372 57.896004108772 57.5251009666691 58.3456067809624 55.4995895357426 59.7437131709553 58.6048789016121 55.4485671063832 56.9686194175599 55.3775699139124 56.3694347728142
52.8483060882439 48.8922166146488 55.1434851720118 50.1464237911767 52.1059029354308 55.3044003494223 50.244917621252 53.0932896903055 54.6057631357298 46.3994138537977 51.9098612518484 61.2406462554938 63.7645608344028 61.4344602046296 64.2243973740289 63.6584191228945 65.469043334723 60.1558890484498 62.3954351495881 63.632571727793 63.4379057468101 62.5431009316137 63.0772242011908 57.9058059148934
46.3414456137234 39.5652268759889 43.3856439280821 45.4800365060418 50.6196220208813 50.8131304822921 46.5623006554316 43.9308291336349 49.4187071825373 45.1514915086139 49.984160352567 60.1645489951518 55.23087765443 56.678269318913 60.0270954396601 57.900469257214 57.3901965450128 58.6568581529607 60.2015094179212 59.4511083770743 59.3883671859477 57.55157509696 56.1609867738764 56.4420112472675
49.3623395013887 43.0090339280898 48.2053514308871 45.0531156706897 50.0772453652865 52.1175873928366 49.9451062197007 48.2926548392947 47.884427181854 46.0356586020282 49.8370987721536 58.244967885262 61.9587897011813 54.8300071685209 57.8712378218205 59.7789742986778 60.9744266061772 60.8693067509344 60.7134396928449 60.7727112152668 60.470869655732 60.5080796774495 58.1177778321996 60.7047990386582
44.7024441910629 42.6419715701439 46.6265888108973 44.6212772659429 51.5349395318362 50.0936828239561 43.0087581523277 44.8810355773132 49.0181986966902 46.2015372175023 50.042123064564 56.7155133120615 62.752083067721 55.297816929132 59.9868577788669 58.8926971519347 57.5146458715716 60.8610034236188 59.4310018550643 59.5290454542447 58.3560450622467 57.3626543237315 57.2222243323812 56.8564495651281
49.7635099333422 46.048952687078 50.5161404864903 49.2879187629055 46.0111871966997 50.0770283313715 45.2023588884654 44.2233259623619 44.8130727118608 46.217943557182 47.9677561709266 59.205968089021 60.4112709618015 57.0980398219857 60.4902834522287 61.1758418809763 61.5522844413843 57.9076015073977 60.1925243924911 64.4369353831455 61.3352580186087 62.9280484521839 59.8311835141682 59.9943183024126
48.8208712082934 45.5496799029312 52.6245139803369 45.4254274943605 47.6321971524512 51.5786827556844 46.8994567553526 47.5456932006556 53.3238287805242 48.7432557330884 49.2035753253801 60.3409732154362 59.4654192065124 58.45942153907 65.0228274571983 59.3209953915565 59.714493675893 62.5726291303258 61.9357333486005 60.7969133267344 61.001752008131 64.0038168256887 59.880070407768 60.8733529658667
52.928896559769 49.34250427879 54.1958303504342 49.586334354587 53.583212937267 56.2188713912431 52.9019241052155 52.3154398846496 58.660525847061 50.3509953307494 50.9064744494322 52.2882161523547 54.7805511952464 54.9457638935467 56.0825770790572 58.3413479698493 55.2948243561699 56.8003151793572 56.9594795971631 56.8635536304812 55.5342400838466 58.1821339461587 56.9662009355753 55.9460192246243
52.4570832937216 47.2926600265381 50.7416457592571 48.3659284155491 53.505980797549 53.1177924600009 50.2285749903666 48.2004486924953 53.5701651703048 50.0063331083493 48.1021906675387 59.8281319954982 61.5402344071341 60.0867674281444 65.7253722489195 62.7724079483243 63.6285127673724 63.9889350064865 64.0902817932759 64.0338351563101 61.9050643813497 64.4490821123704 64.8384491695963 59.6718733915228
52.3391421064508 48.5620723122456 53.025934903178 47.8256294175378 50.6244085654211 53.0739640766084 50.1059364982293 48.9659695372713 49.1929431204291 50.2914605716604 52.5625939103304 57.9286610305083 60.6144665390974 55.9114275265964 61.5369702772212 53.7411245112709 60.12856700054 57.7265687622484 58.8904165180236 59.5840453657891 55.9553132703926 59.3751233010346 55.8754679677427 55.0498457130045
44.9525045560055 43.1946927064914 52.3236767110887 46.1682912690162 51.5884694105163 50.9078237317956 47.2487471707247 48.7385084918491 52.1270159646239 43.9335640193706 50.1601232215726 63.1523047616634 62.8633483559808 60.5581238221447 63.8966077110976 64.9150391288207 65.9141255256784 61.9952881773773 63.0982075856341 64.1882932821717 64.7347174742105 65.2986085625738 64.4029105399599 58.6811204088718
49.0286800175611 47.4651297102355 51.3444485070809 50.4949709599441 51.1848452308207 51.4640451852437 50.4721608743513 51.6388085710619 57.6106319443609 46.4380884163984 54.3662609743293 57.7491144221602 57.9203412884925 56.1936414342138 58.4624186979908 54.2527727050086 57.8215403265824 57.0780197032423 55.8388963829655 57.2609549011897 58.034761716846 57.4076730496175 58.5514481559902 55.8044791440816
43.3055196614293 44.1549530207759 47.6329695050759 44.2356194371885 49.721568429112 50.773926691936 44.6769983195147 45.3417894658099 50.5188857828804 46.2784402450942 47.1258338404171 54.6967557211539 59.2872020232842 54.9329310777431 59.3078315325818 57.3052975253128 58.177283985463 60.2835475714911 60.9888212015434 59.3272901340566 60.1703029921977 55.8304246874905 58.1918191536276 56.0473480942648
